SPEED 0,013
EYE 112,3247 -24,65526 102,8563
LOOKAT 112,9884 -22,8317 102,3724

EYE 190,2324 531,515 82,8169
LOOKAT 192,1659 531,8907 82,4696

EYE 590,2525 581,4116 109,6705
LOOKAT 592,2303 581,5153 109,9488

EYE 766,91 600,926 157,9015
LOOKAT 768,7327 600,1146 158,041

EYE 1004,041 550,3851 177,636
LOOKAT 1004,18 548,3912 177,5662

EYE 1042,275 323,4597 195,2857
LOOKAT 1043,446 321,8478 195,46

EYE 1149,014 -1,805231 229,5849
LOOKAT 1150,995 -2,083534 229,55

EYE 1682,715 94,7498 235,4498
LOOKAT 1683,492 96,58073 235,2408

EYE 1922,397 382,3981 203,2173
LOOKAT 1921,552 384,2096 203,1475

EYE 1928,433 733,2054 220,7522
LOOKAT 1927,178 734,6489 220,1675

EYE 1670,855 830,6694 166,194
LOOKAT 1668,87 830,6694 165,9503

EYE 1051,211 736,0569 112,2584
LOOKAT 1050,872 737,9761 111,8084

EYE 974,2673 1012,299 125,508
LOOKAT 974,1629 1014,291 125,3685

EYE 817,7786 1150,823 114,9962
LOOKAT 815,7792 1150,788 115,0311

EYE 349,0123 1064,523 106,8231
LOOKAT 348,1672 1066,336 106,7881

EYE 108,5511 1508,813 110,8783
LOOKAT 106,576 1509,126 110,9133

EYE -197,1093 1597,917 140,6659
LOOKAT -199,0786 1597,951 141,0132

EYE -574,0986 1602,622 197,4052
LOOKAT -576,0958 1602,622 197,5099

EYE -944,3942 1589,802 192,6122
LOOKAT -946,3863 1589,767 192,4379

EYE -1164,404 1585,6 170,5032
LOOKAT -1165,025 1583,983 169,5032

EYE -1166,661 1249,374 90,16647
LOOKAT -1168,565 1249,641 89,6152

EYE -1308,497 1266,06 61,08672
LOOKAT -1308,565 1264,104 60,67089

EYE -1322,451 1043,258 66,70484
LOOKAT -1324,37 1043,701 66,35754

EYE -1688,344 1043,042 34,97105
LOOKAT -1689,095 1044,811 34,41977

EYE -1722,472 703,3051 65,08054
LOOKAT -1722,437 701,3057 65,11545

EYE -1728,599 80,07376 56,71989
LOOKAT -1726,615 80,00449 56,47615

EYE -1440,216 91,23723 69,9042
LOOKAT -1438,227 91,27194 69,69514

EYE -968,0333 74,92975 65,60623
LOOKAT -966,0436 74,75568 65,50156

EYE -868,5793 239,8702 62,05009
LOOKAT -868,164 241,8238 61,94542

EYE -865,7676 644,9479 68,28081
LOOKAT -865,7029 646,8011 67,53159

EYE -853,715 851,071 9,492437
LOOKAT -853,5411 853,0585 9,352924

EYE -915,561 1146,856 10,3605
LOOKAT -913,6295 1147,374 10,32559

EYE -832,2811 1397,663 112,1824
LOOKAT -831,0198 1396,212 111,6311

EYE -550,8627 1354,703 241,47
LOOKAT -551,9324 1353,705 240,106

EYE -525,3022 1096,472 352,2798
LOOKAT -526,377 1097,312 350,8171

EYE -859,491 1200,875 456,4714
LOOKAT -858,4798 1201,072 454,7571

